51572
93411
56241
78047
7338
43882
13968
24223
91003
35717
29277
96754
16393
65370
48530
62033
62510
23106
91522
85959
37288
85675
51698
35128
97669
58916
82691
26590
48366
82842
2112
49154
54999
58166
9723
84415
74459
72195
75508
45161
69563
6808
39752
29563
49995
38549
91260
17367
53562
96414
63143
13708
83006
8072
90994
20393
40197
66030
24335
45216
5822
2355
34103
92535
51752
89583
54568
54974
77404
85052
21115
37535
83419
39219
59685
24727
77666
41391
33390
84931
28097
88299
24596
86361
89237
86402
33196
5616
15984
77710
18862
54116
98732
15525
5495
67502
89670
13629
34335
85491
40033
77806
74729
2441
75100
39405
41012
45864
97228
36757
86613
4693
23513
8720
8145
33406
59164
53937
43882
88354
21048
79509
89265
49841
70737
2018
49336
98402
43093
63786
49852
51149
56544
39164
64827
60937
58023
20346
35253
19560
32019
73155
14575
17534
40348
18081
84973
26134
7291
33697
24736
12852
23302
98263
41498
93016
82432
95386
42332
75754
45961
23260
60375
82531
24941
45359
37009
9199
2767
60351
39457
37547
66785
51890
21525
11154
23795
30151
56325
70168
39425
62439
96135
62824
64851
16097
51168
96375
26066
82356
73979
88722
28765
24403
73492
66077
12753
888
35870
29062
26069
97225
27557
8553
98924
21034
78364
29340
35523
65565
79405
12134
14007
43052
90944
74513
67706
44974
72498
74304
3263
60911
594
83285
49625
38119
56672
83189
34272
96466
3259
70515
16060
26876
70236
56595
3557
68174
61874
72573
61310
39420
22745
9886
64954
74041
48735
91611
32530
37988
14381
71195
77835
83659
73136
52729
18658
17446
91356
58293
50552
65635
54347
11910
30916
78003
53694
80582
89539
48961
97775
46429
32730
77808
56453
96115
8374
92981
47520
35836
59490
89917
76136
14034
23905
64033
6933
20439
72946
93497
32893
93626
88436
90595
620
4174
32979
83234
82132
93119
55247
45675
35623
14752
99239
49744
27029
20424
80682
34191
14093
91178
38200
82954
92967
85812
97661
51418
31915
70881
57321
15140
59103
26701
60551
40359
89784
25010
64359
59652
40756
17207
88917
70490
95772
94972
68736
87968
2836
84
9057
16182
2396
65453
77219
61801
49896
85629
88038
37736
78058
377
21378
26152
75988
88441
42994
62345
45188
24229
21504
86100
45611
45082
30051
18723
14355
36906
32565
9140
28285
55675
9327
71256
79788
92618
30050
98255
23227
42128
49436
74252
51833
10000
26168
44260
81629
4055
19781
79608
20079
86855
82680
53976
64105
50765
59295
54824
18248
29584
34378
57686
2823
42708
47034
4666
93214
96916
30143
42918
77357
72082
5975
70480
98792
82307
12530
15381
37002
58042
62453
32528
25098
53488
42381
43537
7485
65039
98861
48071
52763
84526
82058
80225
41764
93621
64254
71058
10948
46936
45606
21900
55938
89102
80091
47985
98338
61923
99493
58278
78715
62675
82297
14918
56703
65060
12386
6877
46098
3287
81751
65804
64156
86889
4058
68471
7009
3287
24825
48258
93541
73664
1460
56252
7149
18508
91990
15309
45367
94760
67179
81085
86086
37716
7819
59477
16525
9740
80501
99648
3711
82789
48686
86872
17511
24993
11414
95687
6634
55227
40273
25770
59200
42067
17881
68726
64669
3452
35460
62803
74771
66871
66361
85466
87555
26109
93298
62315
72929
75334
43864
77542
54018
28046
57401
76852
56983
60899
31033
72685
16199
66866
73973
75826
99099
21374
86557
35879
98069
41270
70787
85287
30969
78896
4727
53048
93922
60409
74834
20182
78819
74246
40518
78617
60616
41673
67946
13187
98386
3735
40811
52701
44813
6937
77882
37835
51259
52687
9968
85412
15501
15364
40901
32145
28310
67360
91489
62681
603
59665
59637
90670
54360
9126
67559
28716
41486
93095
849
32902
78338
47815
86828
86916
26391
59002
1202
84795
25202
70298
18347
13058
42455
24480
72069
14782
915
71430
75125
95736
62281
23375
23552
11629
77679
3644
83544
30698
80879
241
56629
39883
10506
24344
35203
54166
68862
70849
67560
1185
29721
49291
70678
41622
20565
29269
86320
41854
2872
81701
89100
62035
20642
84900
35163
94826
22203
31790
4579
18603
71917
43813
20666
28285
48532
89966
15840
76682
38476
7575
21420
28866
36687
72385
92819
21918
1394
58595
91345
24010
40722
15324
99297
11682
69486
84812
58023
75801
76554
49505
38479
19917
54475
51972
33134
4890
84309
19800
68937
25317
40885
65379
14823
55704
87117
36895
68782
60719
54646
29918
88309
67363
87047
83216
64655
8498
39003
64876
74040
62888
16669
77039
53819
62267
67823
13119
18213
25573
13097
90966
35121
97711
11406
55622
10796
70267
13529
79449
79701
54720
46606
24343
6421
67425
36427
62078
13289
21409
5677
87736
99964
92549
19605
53336
1918
49330
78558
53381
10955
14067
34386
96538
17209
32774
36331
61624
64912
34407
38060
31965
37401
68997
76466
23924
27150
12295
2062
38911
42357
10124
42487
97724
51805
74068
49493
17758
64493
19416
60049
69815
58171
66725
11462
2707
861
26049
67979
1101
94755
1140
58386
92613
5471
38739
95337
47433
70641
24672
78139
16795
65951
76724
74386
6419
54970
6284
92297
9885
5078
7119
54223
75250
43306
55857
76768
12249
18828
40347
30280
12102
420
44101
62735
86240
91264
47190
85624
10473
41236
59201
18519
10601
80677
10206
73298
16029
16805
87848
48945
47732
53681
37380
90699
71971
42118
10832
93288
53370
35216
30578
69459
9258
79796
39463
28633
51451
36932
49818
920
45075
99526
10830
53859
86777
6405
87233
56422
9499
1432
29607
35744
38757
13574
12947
71677
88033
85956
28704
69584
19084
24553
88210
16387
12875
16684
34638
16790
64901
42613
47513
76666
10185
84733
67494
81818
99223
99435
8867
93455
96043
53209
66318
50405
98977
94211
88358
7435
38941
73678
51811
77287
84509
44895
91412
24312
71317
50174
87904
55123
59111
20065
61672
47562
96500
65248
29394
36213
93887
37530
88762
64072
37131
43515
43460
89719
58426
58545
21991
72966
86458
28331
55621
34715
48842
47901
87805
70266
42369
18575
41979
6677
67818
48745
95426
15668
90767
15962
69463
17136
30949
62758
44736
41971
74672
79273
31182
3552
74011
35992
37616
21526
67030
29688
76024
9857
91201
73445
63200
75990
13506
69481
76162
65153
70789
56954
63274
16879
11131
81357
50521
28506
459
23581
65261
70959
42094
43290
18386
45277
81601
88875
52308
64155
34675
83234
68907
57481
59519
19403
78676
98933
64187
53184
72021
60795
94694
20175
64940
41409
46189
54689
34407
23983
73860
21811
47828
45223
34226
12599
53986
2398
77688
80803
74581
20165
22375
24116
4992
7098
73357
46198
32588
20357
77308
20952
77698
70783
46097
92418
36082
69947
37998
38033
67343
6395
58806
29266
95126
43068
26678
2261
67479
15556
28561
20409
14022
36673
97259
91294
63812
64921
47117
14645
84765
82993
53963
89379
17778
17854
56135
30129
31424
81669
9424
56998
5518
69067
47980
86927
98884
68720
2047
65500
95732
46263
67680
21312
53694
94097
6012
67112
30512
20519
18583
99937
55657
60414
52045
46688
69993
12923
59170
80478
8947
9
48111
80168
90728
51396
43617
64523
99650
9921
33798
74166
94981
20223
26713
44059
83811
51786
82605
64161
72002
55375
2295
38852
14601
64463
68232
73116
73396
26327
43475
43528
81786
16819
7677
20
78738
2232
71670
87252
72679
88060
58388
95303
3401
40030
62423
87828
87648
49354
65538
83553
67373
61428
18443
16258
34679
89364
57592
45661
26213
13712
90937
45899
53968
25900
90794
4192
55979
16065
47981
61306
90578
36429
54792
60646
22713
38294
30483
71613
39966
11551
47170
42240
2743
34319
16713
13722
91844
67387
87794
63895
18230
24837
10864
85177
46686
60545
32843
1088
60682
99347
52640
85529
30279
81865
82286
76696
25540
51723
93464
92976
39171
2103
97271
52229
93296
78511
26594
43706
11301
94060
73368
52069
99251
17909
14250
73398
78539
94934
6429
67171
61145
20200
54498
49436
87747
92580
66679
18711
52647
72376
57586
53142
87800
86193
98896
74152
52772
20190
43304
62817
86691
80889
29422
67439
20694
31200
89929
76145
42987
53521
656
83030
15201
40564
20132
4584
33427
89511
71982
72063
75098
32882
39254
13540
52069
15430
82350
26783
79396
65963
78940
31997
52198
39088
63165
49815
52378
87418
3053
25158
39394
14420
27316
11898
21476
21888
99364
23002
39065
40533
90179
45905
48985
24016
95835
96744
1435
75870
67905
11759
45850
74844
95780
96130
62825
67551
5874
12880
86926
60661
74254
15806
68877
40216
31012
17566
26746
93697
97211
68665
93475
75313
46697
27580
65644
92539
98175
97581
32576
48511
27552
20069
22543
36622
43098
22403
50238
99659
78394
84592
34373
49878
92940
35424
68279
32101
59636
22201
28617
57604
96477
16654
87431
6565
65810
7731
28234
24627
29367
94716
97786
59520
85358
29884
63561
62371
16762
20690
63479
20013
58923
69823
92366
52323
65226
54146
26108
67062
7739
71664
14336
12897
30380
87713
76931
11166
64063
69548
35434
95122
34663
91828
21668
74886
97529
65855
68501
24006
85872
15114
28068
99416
73122
12862
54943
36582
72740
33203
32231
74686
10334
31635
36630
8019
14899
32754
24830
74330
82329
82249
64310
23346
24061
77266
36927
14240
65896
70452
54039
9205
79719
537
92048
72738
45380
68021
23953
11933
66945
98112
37692
77713
4344
46573
65171
96031
44957
56025
27737
50168
56618
42856
8339
74567
67444
12456
52869
67842
67474
17113
58998
74622
14327
31079
19447
2522
20549
75674
36335
97526
50951
36191
39552
86819
50189
50713
31170
85757
18730
33068
70848
40351
72130
68449
17160
76613
64007
48952
77083
9659
38543
47425
37754
99637
75258
8144
75127
10492
81587
56519
28648
43603
56349
52140
21545
88328
28767
96459
48931
62619
76247
84482
28742
41331
36746
28630
76671
63123
40866
14482
86560
67894
33053
41960
94716
30385
19554
30161
38102
289
25489
37239
20032
99871
40110
61600
16548
72153
20182
83138
5412
74599
64120
27676
76631
30749
20016
85377
43951
72079
70731
59021
74475
75756
91077
56774
78741
6026
42361
35635
27108
83812
36650
65008
75688
47841
69155
90144
1831
15040
34216
81696
73829
4373
48687
9975
5152
4677
93270
63689
47419
44300
84704
40990
30298
66293
52330
18727
74309
150
44914
45439
87503
36331
15218
44420
4482
50306
57805
48270
59306
17201
36668
36236
74244
19148
7422
24619
74110
5100
64644
10931
50629
59701
96752
19422
43332
98885
16502
21159
27456
18828
80272
54169
86495
46995
31482
97027
63672
96675
28455
5658
69805
7182
73500
96057
50281
97161
11851
4471
66230
31181
32973
71279
7591
99811
9061
94740
55253
29607
24207
60982
85501
99650
52995
36459
97643
7532
70499
15740
82078
62275
92838
76759
48335
41888
87685
70464
48860
61685
68872
34491
9868
50499
98580
33474
28889
29743
66465
31648
63543
26418
93361
96903
40940
85269
43637
33133
15069
68625
47921
15057
83007
91759
56012
76115
69873
56871
48876
5717
50275
36997
49682
78393
41769
67734
25935
41937
71128
19276
9218
70550
33366
10125
73018
66237
25350
90381
55430
48546
8399
44025
84322
69849
24453
16778
19417
99230
52035
79933
5572
42217
90327
14363
5061
1063
86038
77026
26086
4673
71817
89923
2035
86686
6476
83621
66934
52555
57594
76006
76496
73270
62202
21707
19257
32707
49019
14530
94942
24146
4001
68645
59902
64980
75570
6300
257
91857
9662
78251
43236
30321
8993
7488
48597
14294
93796
91844
67605
97051
35223
93364
61981
92798
14284
14742
61483
97395
87656
17674
58020
17058
90789
67498
43341
17264
98831
99304
72975
60512
89410
96673
89996
40945
18417
97118
87369
60959
98750
26998
84916
70451
70741
76680
73348
59705
70966
23934
78082
7058
3421
56117
13776
19678
36750
20549
47943
35340
80660
23712
17457
14939
74412
84569
60269
56943
50479
89941
60968
86086
26282
23461
76740
38571
38299
59802
78935
48785
4255
20048
44376
27026
63145
6847
2606
73630
17860
33165
23690
55701
70217
36791
43480
81835
75844
74467
29014
66974
97172
61558
16816
84545
17888
5917
77812
84917
81047
17303
5625
926
89095
68532
79570
87357
51886
95645
75271
84503
48511
88331
40104
76315
94879
64354
22271
31511
87540
45238
74094
68323
2598
90997
53504
84604
4568
17569
35608
93539
79111
19842
66983
15163
76736
56152
39711
98754
68201
24016
91309
6940
73028
62167
22857
14880
9979
45529
28226
19397
9285
6072
78760
13639
14761
67657
15982
4872
22169
1242
68878
29681
76461
47610
41386
66125
60189
96364
96486
7908
60302
97903
31847
31237
99592
56804
73542
11737
35797
24125
82533
49190
8407
57223
8550
42364
30660
91571
60809
22891
27295
12093
428
49725
83999
37899
11844